Accuracy:  90.2%
Validation Accuracy : 90.08%

Loss:  1.598445177078247
Accuracy:  0.9008281826972961