accuracy1: 96.06349072334677
accuracy2: 96.12892331722144
accuracy3: 95.55691580302678